# oST version 5.0 parameters


[image]

width
640

height
480

[narrow_stereo/left]

camera matrix
543.112452 0.000000 308.036395
0.000000 546.357325 274.490915
0.000000 0.000000 1.000000

distortion
0.191035 -0.324825 0.006968 -0.000552 0.0000

rectification
1.000000 0.000000 0.000000
0.000000 1.000000 0.000000
0.000000 0.000000 1.000000

projection
543.112452 0.000000 308.036395 0.000000
0.000000 546.357325 274.490915 0.000000
0.000000 0.000000 1.000000 0.000000

